410122
410181
410182
410183
410184
410185
410221
410222
410223
410225
410323
410324
410325
410326
410327
410328
410329
410421
410422
410423
410425
410481
410482
410522
410523
410526
410527
410581
410621
410622
410721
410724
410725
410726
410727
410781
410782
410783
410821
410822
410823
410825
410882
410883
410922
410923
410926
410927
410928
411024
411025
411081
411082
411121
411122
411221
411224
411281
411282
411321
411322
411323
411324
411325
411326
411327
411328
411329
411330
411381
411421
411422
411423
411424
411425
411426
411481
411521
411522
411523
411524
411525
411526
411527
411528
411621
411622
411623
411624
411625
411627
411628
411681
411721
411722
411723
411724
411725
411726
411727
411728
411729
419001
